Expertise Level,Job Title
Director,174
Expert,2493
Intermediate,954
Junior,330
